1000 1 1 1 1023925 1320065 95778
1400 1 1 1 2011482 2776555 107260
1800 1 1 1 3393863 4343440 135963
2200 1 1 1 4992447 6692240 166219
2600 1 1 1 7348360 8657826 208087
3000 1 1 1 9281867 11745720 238624
3400 1 1 1 11947516 15817395 266205
3800 1 1 1 14973775 19936768 298736
4200 1 1 1 18320952 24050401 339872
4600 1 1 1 22146600 29265271 370580
5000 1 1 1 26049300 34460536 416374
5400 1 1 1 30457730 41398373 440389
5800 1 1 1 35217034 46758334 475034
6200 1 1 1 40322381 51901932 513866
6600 1 1 1 45484204 59719184 545855
7000 1 1 1 51559476 67910162 594065
7400 1 1 1 57397395 76667794 615215
7800 1 1 1 63322929 86116553 652133
8200 1 1 1 70162334 93212283 717175
8600 1 1 1 76864612 106308797 732914
9000 1 1 1 84672568 113792389 835254
9400 1 1 1 92415020 125389213 805037
9800 1 1 1 100340455 134915868 836316
10200 1 1 1 108723011 145590026 888242
10600 1 1 1 118292795 160542502 914311
11000 1 1 1 126358258 170566882 965226
11400 1 1 1 136209458 185111935 992957
11800 1 1 1 145557439 197536048 1027271
12200 1 1 1 155509173 209905140 1074398
12600 1 1 1 165338313 224636700 1110787
13000 1 1 1 176993706 238864129 1145811
13400 1 1 1 187945100 250128802 1193350
13800 1 1 1 199405186 270447504 1216843
14200 1 1 1 211347884 290947107 1254885
14600 1 1 1 223090195 302838531 1299126
15000 1 1 1 234699193 316704898 1340534
15400 1 1 1 248487963 341769609 1363467
15800 1 1 1 260762704 354665371 1396889
16200 1 1 1 274333563 374491381 1448225
16600 1 1 1 289393740 395463644 1493498
17000 1 1 1 309795173 403052675 1517233
17400 1 1 1 321258173 428658605 1594697
17800 1 1 1 344888297 461326462 1667983
18200 1 1 1 359265475 472854468 1672843
18600 1 1 1 372022521 488053389 1742252
19000 1 1 1 419271019 511512931 1742602
19400 1 1 1 398913800 518275477 1775193
19800 1 1 1 420623874 560709927 1808676
