0 1 1 121 30
1 3 3 140 40
2 9 9 140 40
3 27 27 150 60
4 81 81 161 50
5 243 243 191 70
6 729 729 160 60
7 2187 2187 180 70
8 6561 6561 211 70
9 19683 19683 171 70
10 59049 59049 180 60
11 177147 177147 191 90
12 531441 531441 180 70
13 1.59432e+06 1.59432e+06 201 80
14 4.78297e+06 4.78297e+06 251 110
15 1.43489e+07 1.43489e+07 210 80
16 4.30467e+07 4.30467e+07 201 80
17 1.2914e+08 1.2914e+08 270 120
18 3.8742e+08 3.8742e+08 281 110
19 1.16226e+09 1.16226e+09 220 90
20 3.48678e+09 3.48678e+09 220 90
21 1.04604e+10 1.04604e+10 230 100
22 3.13811e+10 3.13811e+10 301 120
23 9.41432e+10 9.41432e+10 240 100
24 2.8243e+11 2.8243e+11 240 100
25 8.47289e+11 8.47289e+11 241 100
26 2.54187e+12 2.54187e+12 251 110
27 7.6256e+12 7.6256e+12 230 121
28 2.28768e+13 2.28768e+13 250 111
29 6.86304e+13 6.86304e+13 271 120
30 2.05891e+14 2.05891e+14 270 120
31 6.17673e+14 6.17673e+14 250 131
32 1.85302e+15 1.85302e+15 261 120
33 5.55906e+15 5.55906e+15 260 130
34 1.66772e+16 1.66772e+16 270 131
35 5.00315e+16 5.00315e+16 280 130
36 1.50095e+17 1.50095e+17 291 140
37 4.50284e+17 4.50284e+17 300 140
38 1.35085e+18 1.35085e+18 351 180
39 4.05256e+18 4.05256e+18 291 140
40 1.21577e+19 1.21577e+19 301 140
41 3.6473e+19 3.6473e+19 301 150
42 1.09419e+20 1.09419e+20 310 151
43 3.28257e+20 3.28257e+20 321 150
44 9.84771e+20 9.84771e+20 300 161
45 2.95431e+21 2.95431e+21 401 200
46 8.86294e+21 8.86294e+21 421 200
47 2.65888e+22 2.65888e+22 321 170
48 7.97664e+22 7.97664e+22 340 161
49 2.39299e+23 2.39299e+23 331 170
50 7.17898e+23 7.17898e+23 441 221
51 2.15369e+24 2.15369e+24 361 170
52 6.46108e+24 6.46108e+24 351 180
53 1.93832e+25 1.93832e+25 441 231
54 5.81497e+25 5.81497e+25 361 180
55 1.74449e+26 1.74449e+26 461 231
56 5.23348e+26 5.23348e+26 471 240
57 1.57004e+27 1.57004e+27 491 241
58 4.71013e+27 4.71013e+27 380 201
59 1.41304e+28 1.41304e+28 391 201
60 4.23912e+28 4.23912e+28 390 201
61 1.27173e+29 1.27173e+29 401 211
62 3.8152e+29 3.8152e+29 380 211
63 1.14456e+30 1.14456e+30 531 260
64 3.43368e+30 3.43368e+30 400 211
65 1.03011e+31 1.03011e+31 441 220
66 3.09032e+31 3.09032e+31 430 210
67 9.27095e+31 9.27095e+31 411 220
68 2.78128e+32 2.78128e+32 411 240
69 8.34385e+32 8.34385e+32 420 230
70 2.50316e+33 2.50316e+33 551 290
71 7.50947e+33 7.50947e+33 541 291
72 2.25284e+34 2.25284e+34 461 231
73 6.75852e+34 6.75852e+34 461 230
74 2.02756e+35 2.02756e+35 451 240
75 6.08267e+35 6.08267e+35 601 300
76 1.8248e+36 1.8248e+36 541 240
77 5.4744e+36 5.4744e+36 471 240
78 1.64232e+37 1.64232e+37 591 311
79 4.92696e+37 4.92696e+37 481 261
80 1.47809e+38 1.47809e+38 481 251
81 4.43426e+38 4.43426e+38 581 321
82 1.33028e+39 1.33028e+39 521 260
83 3.99084e+39 3.99084e+39 501 260
84 1.19725e+40 1.19725e+40 602 330
85 3.59175e+40 3.59175e+40 531 271
86 1.07753e+41 1.07753e+41 521 271
87 3.23258e+41 3.23258e+41 521 270
88 9.69774e+41 9.69774e+41 531 270
89 2.90932e+42 2.90932e+42 661 351
90 8.72796e+42 8.72796e+42 521 281
91 2.61839e+43 2.61839e+43 561 281
92 7.85517e+43 7.85517e+43 531 291
93 2.35655e+44 2.35655e+44 702 360
94 7.06965e+44 7.06965e+44 681 361
95 2.1209e+45 2.1209e+45 561 301
96 6.36269e+45 6.36269e+45 561 301
97 1.90881e+46 1.90881e+46 551 300
98 5.72642e+46 5.72642e+46 551 311
99 1.71793e+47 1.71793e+47 722 381
100 5.15378e+47 5.15378e+47 561 300
101 1.54613e+48 1.54613e+48 581 310
102 4.6384e+48 4.6384e+48 591 321
103 1.39152e+49 1.39152e+49 581 321
104 4.17456e+49 4.17456e+49 762 400
105 1.25237e+50 1.25237e+50 591 331
106 3.7571e+50 3.7571e+50 581 331
107 1.12713e+51 1.12713e+51 622 330
108 3.38139e+51 3.38139e+51 621 331
109 1.01442e+52 1.01442e+52 622 330
110 3.04325e+52 3.04325e+52 611 341
111 9.12976e+52 9.12976e+52 631 331
112 2.73893e+53 2.73893e+53 651 341
113 8.21678e+53 8.21678e+53 651 341
114 2.46503e+54 2.46503e+54 772 441
115 7.3951e+54 7.3951e+54 641 351
116 2.21853e+55 2.21853e+55 802 441
117 6.65559e+55 6.65559e+55 671 361
118 1.99668e+56 1.99668e+56 651 361
119 5.99003e+56 5.99003e+56 661 361
120 1.79701e+57 1.79701e+57 822 451
121 5.39103e+57 5.39103e+57 682 360
122 1.61731e+58 1.61731e+58 672 361
123 4.85193e+58 4.85193e+58 701 371
124 1.45558e+59 1.45558e+59 682 370
125 4.36674e+59 4.36674e+59 681 381
126 1.31002e+60 1.31002e+60 682 380
127 3.93006e+60 3.93006e+60 842 481
128 1.17902e+61 1.17902e+61 682 380
129 3.53706e+61 3.53706e+61 711 381
130 1.06112e+62 1.06112e+62 682 390
131 3.18335e+62 3.18335e+62 711 391
132 9.55005e+62 9.55005e+62 932 491
133 2.86501e+63 2.86501e+63 752 401
134 8.59504e+63 8.59504e+63 712 400
135 2.57851e+64 2.57851e+64 722 410
136 7.73554e+64 7.73554e+64 721 411
137 2.32066e+65 2.32066e+65 911 511
138 6.96199e+65 6.96199e+65 742 420
139 2.0886e+66 2.0886e+66 932 511
140 6.26579e+66 6.26579e+66 972 521
141 1.87974e+67 1.87974e+67 802 421
142 5.63921e+67 5.63921e+67 761 421
143 1.69176e+68 1.69176e+68 762 421
144 5.07529e+68 5.07529e+68 802 431
145 1.52259e+69 1.52259e+69 1002 541
146 4.56776e+69 4.56776e+69 802 431
147 1.37033e+70 1.37033e+70 801 441
148 4.11098e+70 4.11098e+70 972 541
149 1.23329e+71 1.23329e+71 791 441
150 3.69988e+71 3.69988e+71 821 451
151 1.10997e+72 1.10997e+72 832 451
152 3.3299e+72 3.3299e+72 791 441
153 9.98969e+72 9.98969e+72 1042 571
154 2.99691e+73 2.99691e+73 912 461
155 8.99072e+73 8.99072e+73 1062 571
156 2.69722e+74 2.69722e+74 1092 581
157 8.09165e+74 8.09165e+74 862 471
158 2.42749e+75 2.42749e+75 831 461
159 7.28248e+75 7.28248e+75 1022 581
160 2.18475e+76 2.18475e+76 882 471
161 6.55424e+76 6.55424e+76 881 481
162 1.96627e+77 1.96627e+77 891 470
163 5.89881e+77 5.89881e+77 842 481
164 1.76964e+78 1.76964e+78 1062 601
165 5.30893e+78 5.30893e+78 872 491
166 1.59268e+79 1.59268e+79 862 491
167 4.77804e+79 4.77804e+79 1092 611
168 1.43341e+80 1.43341e+80 871 501
169 4.30023e+80 4.30023e+80 1252 611
170 1.29007e+81 1.29007e+81 891 501
171 3.87021e+81 3.87021e+81 1152 622
172 1.16106e+82 1.16106e+82 942 511
173 3.48319e+82 3.48319e+82 942 511
174 1.04496e+83 1.04496e+83 1112 581
175 3.13487e+83 3.13487e+83 931 511
176 9.40461e+83 9.40461e+83 902 511
177 2.82138e+84 2.82138e+84 1192 641
178 8.46415e+84 8.46415e+84 962 511
179 2.53924e+85 2.53924e+85 1162 662
180 7.61773e+85 7.61773e+85 1152 652
181 2.28532e+86 2.28532e+86 1193 661
182 6.85596e+86 6.85596e+86 1001 531
183 2.05679e+87 2.05679e+87 1182 672
184 6.17037e+87 6.17037e+87 922 541
185 1.85111e+88 1.85111e+88 1243 671
186 5.55333e+88 5.55333e+88 991 541
187 1.666e+89 1.666e+89 952 541
188 4.998e+89 4.998e+89 2996 682
189 1.4994e+90 1.4994e+90 1012 551
190 4.4982e+90 4.4982e+90 1113 621
191 1.34946e+91 1.34946e+91 972 551
192 4.04838e+91 4.04838e+91 1032 552
193 1.21451e+92 1.21451e+92 1032 561
194 3.64354e+92 3.64354e+92 992 561
195 1.09306e+93 1.09306e+93 2595 562
196 3.27919e+93 3.27919e+93 1342 721
197 9.83756e+93 9.83756e+93 1042 571
198 2.95127e+94 2.95127e+94 1012 571
199 8.8538e+94 8.8538e+94 3156 721
200 2.65614e+95 2.65614e+95 1022 581
201 7.96842e+95 7.96842e+95 2535 581
202 2.39053e+96 2.39053e+96 1042 582
203 7.17158e+96 7.17158e+96 1272 732
204 2.15147e+97 2.15147e+97 1292 741
205 6.45442e+97 6.45442e+97 1032 601
206 1.93633e+98 1.93633e+98 1373 741
207 5.80898e+98 5.80898e+98 1342 751
208 1.74269e+99 1.74269e+99 1133 601
209 5.22808e+99 5.22808e+99 1042 601
210 1.56842e+100 1.56842e+100 1072 611
211 4.70527e+100 4.70527e+100 2515 601
212 1.41158e+101 1.41158e+101 2675 611
213 4.23474e+101 4.23474e+101 1122 621
214 1.27042e+102 1.27042e+102 1413 771
215 3.81127e+102 3.81127e+102 1082 621
216 1.14338e+103 1.14338e+103 1182 621
217 3.43014e+103 3.43014e+103 1162 631
218 1.02904e+104 1.02904e+104 2525 621
219 3.08713e+104 3.08713e+104 3287 781
220 9.26139e+104 9.26139e+104 1132 632
221 2.77842e+105 2.77842e+105 1112 641
222 8.33525e+105 8.33525e+105 1392 791
223 2.50057e+106 2.50057e+106 1182 631
224 7.50172e+106 7.50172e+106 1133 641
225 2.25052e+107 2.25052e+107 1132 641
226 6.75155e+107 6.75155e+107 1132 651
227 2.02547e+108 2.02547e+108 1473 812
228 6.0764e+108 6.0764e+108 1122 662
229 1.82292e+109 1.82292e+109 1142 661
230 5.46876e+109 5.46876e+109 1142 662
231 1.64063e+110 1.64063e+110 2735 671
232 4.92188e+110 4.92188e+110 1553 832
233 1.47656e+111 1.47656e+111 4278 842
234 4.42969e+111 4.42969e+111 2645 671
235 1.32891e+112 1.32891e+112 3297 841
236 3.98672e+112 3.98672e+112 9178 14708
237 1.19602e+113 1.19602e+113 2886 681
238 3.58805e+113 3.58805e+113 2805 682
239 1.07642e+114 1.07642e+114 1192 682
240 3.22925e+114 3.22925e+114 1182 681
241 9.68774e+114 9.68774e+114 1203 681
242 2.90632e+115 2.90632e+115 1243 701
243 8.71896e+115 8.71896e+115 3116 692
244 2.61569e+116 2.61569e+116 1283 701
245 7.84707e+116 7.84707e+116 1523 871
246 2.35412e+117 2.35412e+117 2675 712
247 7.06236e+117 7.06236e+117 2806 701
248 2.11871e+118 2.11871e+118 3687 892
249 6.35612e+118 6.35612e+118 2645 712
250 1.90684e+119 1.90684e+119 2896 721
251 5.72051e+119 5.72051e+119 2736 721
252 1.71615e+120 1.71615e+120 5811 721
253 5.14846e+120 5.14846e+120 3396 911
254 1.54454e+121 1.54454e+121 2735 722
255 4.63362e+121 4.63362e+121 2725 731
256 1.39008e+122 1.39008e+122 3407 932
257 4.17025e+122 4.17025e+122 2765 732
258 1.25108e+123 1.25108e+123 2776 741
259 3.75323e+123 3.75323e+123 1673 922
260 1.12597e+124 1.12597e+124 1373 741
261 3.37791e+124 3.37791e+124 3527 932
262 1.01337e+125 1.01337e+125 2805 741
263 3.04011e+125 3.04011e+125 2796 741
264 9.12034e+125 9.12034e+125 3527 942
265 2.7361e+126 2.7361e+126 3477 941
266 8.20831e+126 8.20831e+126 1312 762
267 2.46249e+127 2.46249e+127 2976 831
268 7.38748e+127 7.38748e+127 2756 761
269 2.21624e+128 2.21624e+128 3527 962
270 6.64873e+128 6.64873e+128 3367 771
271 1.99462e+129 1.99462e+129 2766 771
272 5.98386e+129 5.98386e+129 3227 771
273 1.79516e+130 1.79516e+130 2745 782
274 5.38547e+130 5.38547e+130 1693 972
275 1.61564e+131 1.61564e+131 2796 781
276 4.84693e+131 4.84693e+131 2865 792
277 1.45408e+132 1.45408e+132 3577 982
278 4.36223e+132 4.36223e+132 2835 792
279 1.30867e+133 1.30867e+133 6002 791
280 3.92601e+133 3.92601e+133 10500 992
281 1.1778e+134 1.1778e+134 1433 802
282 3.53341e+134 3.53341e+134 2996 802
283 1.06002e+135 1.06002e+135 2776 801
284 3.18007e+135 3.18007e+135 3878 1012
285 9.5402e+135 9.5402e+135 2855 812
286 2.86206e+136 2.86206e+136 1443 812
287 8.58618e+136 8.58618e+136 1513 811
288 2.57585e+137 2.57585e+137 2845 812
289 7.72756e+137 7.72756e+137 5841 822
290 2.31827e+138 2.31827e+138 2955 822
291 6.95481e+138 6.95481e+138 3637 1032
292 2.08644e+139 2.08644e+139 11673 821
293 6.25933e+139 6.25933e+139 3006 831
294 1.8778e+140 1.8778e+140 3356 832
295 5.63339e+140 5.63339e+140 2936 841
296 1.69002e+141 1.69002e+141 4078 1052
297 5.07005e+141 5.07005e+141 3025 842
298 1.52102e+142 1.52102e+142 2985 842
299 4.56305e+142 4.56305e+142 2976 842
300 1.36891e+143 1.36891e+143 2956 852
301 4.10674e+143 4.10674e+143 3256 852
302 1.23202e+144 1.23202e+144 2906 861
303 3.69607e+144 3.69607e+144 3276 851
304 1.10882e+145 1.10882e+145 2996 862
305 3.32646e+145 3.32646e+145 5811 861
306 9.97939e+145 9.97939e+145 2986 871
307 2.99382e+146 2.99382e+146 3187 871
308 8.98145e+146 8.98145e+146 5280 1092
309 2.69443e+147 2.69443e+147 3036 872
310 8.0833e+147 8.0833e+147 4629 881
311 2.42499e+148 2.42499e+148 3046 881
312 7.27497e+148 7.27497e+148 2966 882
313 2.18249e+149 2.18249e+149 4218 882
314 6.54748e+149 6.54748e+149 3096 881
315 1.96424e+150 1.96424e+150 2926 892
316 5.89273e+150 5.89273e+150 3136 891
317 1.76782e+151 1.76782e+151 3787 1112
318 5.30346e+151 5.30346e+151 4388 892
319 1.59104e+152 1.59104e+152 3076 902
320 4.77311e+152 4.77311e+152 3757 1132
321 1.43193e+153 1.43193e+153 6642 1132
322 4.2958e+153 4.2958e+153 46860 912
323 1.28874e+154 1.28874e+154 3817 1142
324 3.86622e+154 3.86622e+154 3076 911
325 1.15987e+155 1.15987e+155 3086 921
326 3.4796e+155 3.4796e+155 5200 922
327 1.04388e+156 1.04388e+156 5932 932
328 3.13164e+156 3.13164e+156 3898 1152
329 9.39491e+156 9.39491e+156 3076 921
330 2.81847e+157 2.81847e+157 3046 922
331 8.45542e+157 8.45542e+157 3086 941
332 2.53663e+158 2.53663e+158 6562 1172
333 7.60988e+158 7.60988e+158 3046 932
334 2.28296e+159 2.28296e+159 4639 942
335 6.84889e+159 6.84889e+159 3266 952
336 2.05467e+160 2.05467e+160 5651 1182
337 6.164e+160 6.164e+160 3006 942
338 1.8492e+161 1.8492e+161 3376 952
339 5.5476e+161 5.5476e+161 4368 962
340 1.66428e+162 1.66428e+162 4348 962
341 4.99284e+162 4.99284e+162 4107 962
342 1.49785e+163 1.49785e+163 3076 972
343 4.49356e+163 4.49356e+163 3206 961
344 1.34807e+164 1.34807e+164 4408 972
345 4.0442e+164 4.0442e+164 3085 971
346 1.21326e+165 1.21326e+165 3987 1212
347 3.63978e+165 3.63978e+165 3206 972
348 1.09193e+166 1.09193e+166 4379 972
349 3.2758e+166 3.2758e+166 3126 982
350 9.82741e+166 9.82741e+166 3857 982
