1000 1 1 1 1673080 846534 86661
1400 1 1 1 3453649 1870136 122698
1800 1 1 1 5680057 3191562 161471
2200 1 1 1 8162311 4597566 192418
2600 1 1 1 11494755 5909985 236149
3000 1 1 1 15073807 8149267 270884
3400 1 1 1 19452676 10621342 313453
3800 1 1 1 24213094 13503169 349038
4200 1 1 1 31298484 16736548 391468
4600 1 1 1 38278148 19762733 432534
5000 1 1 1 42164552 23228335 472789
5400 1 1 1 49310895 27025082 509838
5800 1 1 1 61518185 31411786 549231
6200 1 1 1 64975322 36100421 590427
6600 1 1 1 78272116 40529463 647153
7000 1 1 1 82877346 45255507 675596
7400 1 1 1 92928098 51396121 724046
7800 1 1 1 105262013 56713595 755494
8200 1 1 1 113809220 63533463 800819
8600 1 1 1 133548043 69177063 857213
9000 1 1 1 144132136 75951595 883823
9400 1 1 1 150083738 85106992 919358
9800 1 1 1 170493735 90177728 971776
10200 1 1 1 176242837 97460467 1002945
10600 1 1 1 192312307 104670269 1043580
11000 1 1 1 218355956 112564112 1078023
11400 1 1 1 219681624 121761051 1153504
11800 1 1 1 249901108 130408755 1163523
12200 1 1 1 271464461 139832904 1212875
12600 1 1 1 287595063 148218404 1252037
13000 1 1 1 291521152 158579914 1288225
13400 1 1 1 326419259 169679982 1332878
13800 1 1 1 346760441 178856501 1382400
14200 1 1 1 366897553 191066152 1420110
14600 1 1 1 384108758 199833503 1456688
15000 1 1 1 405723029 213298937 1514415
15400 1 1 1 425023523 223509514 1550522
15800 1 1 1 453892414 233908257 1572092
16200 1 1 1 469754815 247917735 1634388
16600 1 1 1 492698897 262008446 1673491
17000 1 1 1 520798052 274615591 1721160
17400 1 1 1 517384077 283918822 1765592
17800 1 1 1 576663977 299530238 1785149
18200 1 1 1 598523381 313652700 1870357
18600 1 1 1 626833741 324130679 1894492
19000 1 1 1 637484949 342007333 1900744
19400 1 1 1 681280971 356010888 1954123
19800 1 1 1 673793120 373212599 2050493
