1000 1 1 1 1389060 53359 88234
1400 1 1 1 2809397 67094 133278
1800 1 1 1 4634326 87072 169284
2200 1 1 1 6588734 119162 212264
2600 1 1 1 9568157 134259 254071
3000 1 1 1 12263342 159547 298715
3400 1 1 1 15909192 193199 343598
3800 1 1 1 20680452 239154 388221
4200 1 1 1 24448600 237100 427344
4600 1 1 1 29373997 252829 479871
5000 1 1 1 34516986 277615 522450
5400 1 1 1 40851569 330884 568105
5800 1 1 1 48424552 352074 618068
6200 1 1 1 53131663 356522 659394
6600 1 1 1 60309783 382851 708255
7000 1 1 1 67903183 411394 763668
7400 1 1 1 76202124 431742 812729
7800 1 1 1 87338443 533941 873472
8200 1 1 1 97103085 531097 906964
8600 1 1 1 107075978 580889 953831
9000 1 1 1 117335500 573855 993815
9400 1 1 1 127621230 624039 1042306
9800 1 1 1 134449180 604913 1097418
10200 1 1 1 151980235 667129 1142712
10600 1 1 1 163694458 725407 1195330
11000 1 1 1 170671935 728753 1241646
11400 1 1 1 191452731 714487 1291788
11800 1 1 1 205853853 807379 1374903
12200 1 1 1 216499152 946678 1389781
12600 1 1 1 233311132 840441 1451886
13000 1 1 1 253621913 815154 1491891
13400 1 1 1 258755080 876007 1561951
13800 1 1 1 285422903 880345 1600782
14200 1 1 1 303102986 917043 1642571
14600 1 1 1 324197390 1022619 1714444
15000 1 1 1 343343506 1140348 1741064
15400 1 1 1 351880050 976674 1796386
15800 1 1 1 381791118 1163922 1890441
16200 1 1 1 403146648 1147962 1895541
16600 1 1 1 421024147 1130249 1955251
17000 1 1 1 447201397 1161267 1998842
17400 1 1 1 450873211 1199086 2083088
17800 1 1 1 493819749 1235175 2158929
18200 1 1 1 517563170 1293883 2146537
18600 1 1 1 542585965 1294605 2223720
19000 1 1 1 569598090 1294363 2256111
19400 1 1 1 598706411 1323077 2475508
19800 1 1 1 600831513 1464921 2360675
